ID	INITIATIVE_ID	ORG_ID	DATE_ADDED
1	2	52	6/11/2007
2	2	59	7/23/2007
3	2	4739	6/11/2007
4	2	4903	6/6/2007
5	2	4914	6/6/2007
6	2	5045	12/18/2007
7	2	5126	1/8/2008
8	2	5239	6/14/2007
9	2	5244	5/6/2007
10	2	5312	6/19/2007
11	2	5538	7/6/2007
12	2	5832	6/20/2007
13	2	5913	6/18/2007
14	2	5957	6/14/2007
15	2	6019	6/12/2007
16	2	6111	5/25/2007
17	2	6156	8/21/2007
18	2	6171	6/12/2007
19	2	6181	7/26/2007
20	2	6319	5/21/2007
21	2	6343	1/18/2008
22	2	6443	6/18/2007
23	2	6543	6/5/2007
24	2	6573	11/26/2007
25	2	6680	12/10/2007
26	2	6693	3/14/2008
148	2	6702	7/8/2008
28	2	6750	7/17/2007
29	2	6763	6/11/2007
30	2	6794	6/22/2007
31	2	6809	6/22/2007
32	2	6965	7/26/2007
33	2	6972	6/20/2007
34	2	7145	5/15/2007
35	2	7353	9/5/2007
36	2	7492	6/5/2007
37	2	7604	7/6/2007
38	2	4619	7/6/2007
39	2	5272	4/8/2008
40	2	1925	4/17/2008
41	2	2480	4/25/2008
42	2	5791	5/14/2008
43	2	4592	5/14/2008
44	2	216	5/14/2008
45	2	2183	5/14/2008
46	2	1701	5/14/2008
47	2	5636	5/16/2008
166	2	1070	6/5/2007
49	2	2600	5/22/2008
50	2	869	5/11/2008
51	2	822	5/23/2008
52	2	6185	5/25/2008
53	2	3383	5/29/2008
54	2	2796	6/13/2008
55	2	284	6/11/2008
56	2	736	6/10/2008
57	2	5599	6/9/2008
58	2	1440	6/9/2008
59	2	5167	6/16/2008
60	2	5958	6/12/2007
61	2	181	6/6/2007
62	2	4366	6/1/2007
63	2	4796	6/1/2007
64	2	6677	5/31/2007
65	2	4689	6/11/2007
66	2	6948	7/17/2007
67	2	1892	6/1/2007
68	2	2682	6/22/2007
69	2	6198	6/15/2007
70	2	7573	6/13/2007
71	2	6701	5/21/2007
72	2	7192	5/31/2007
73	2	7586	6/6/2007
74	2	3202	6/1/2007
75	2	563	6/17/2007
76	2	3211	6/1/2007
77	2	4613	6/2/2007
78	2	3832	6/9/2007
79	2	594	7/6/2007
152	2	2116	6/12/2007
81	2	6620	5/6/2008
82	2	6064	5/8/2008
83	2	4826	5/13/2008
84	2	3794	5/13/2008
85	2	6442	5/14/2008
86	2	5854	5/14/2008
87	2	5435	5/14/2008
88	2	841	5/14/2008
89	2	6468	5/14/2008
90	2	5522	5/14/2008
91	2	3300	5/14/2008
92	2	3239	5/14/2008
93	2	5555	5/14/2008
94	2	27	5/15/2008
95	2	1805	5/15/2008
96	2	6490	5/18/2008
97	2	3953	5/18/2008
98	2	6989	5/20/2008
99	2	5417	5/20/2008
100	2	380	5/17/2008
101	2	5201	5/14/2008
102	2	1345	5/21/2008
103	2	2319	5/28/2008
104	2	3580	5/30/2008
105	2	6432	5/29/2008
106	2	286	6/22/2007
107	2	311	6/6/2007
108	2	315	6/22/2007
109	2	332	6/21/2007
110	2	333	11/27/2007
111	2	543	1/8/2008
112	2	561	7/6/2007
113	2	901	6/18/2007
114	2	911	6/19/2007
115	2	1088	12/16/2007
116	2	1284	12/21/2007
117	2	1423	6/29/2007
118	2	1877	6/4/2007
119	2	2083	7/6/2007
120	2	2085	11/27/2007
121	2	2166	6/24/2007
122	2	2272	5/17/2007
123	2	2290	8/1/2007
124	2	2294	7/24/2007
125	2	2349	7/6/2007
126	2	2510	6/7/2007
127	2	2522	6/21/2007
128	2	2594	5/17/2007
153	2	67	7/6/2007
130	2	2603	1/4/2008
131	2	2941	6/21/2007
132	2	3402	12/18/2007
133	2	3411	6/28/2007
334	2	5924	9/24/2008
135	2	3446	6/20/2007
136	2	3581	6/15/2007
137	2	3668	7/9/2007
138	2	3704	6/21/2007
139	2	3788	6/20/2007
140	2	3819	6/4/2007
141	2	4108	6/4/2007
142	2	4420	6/22/2007
143	2	4423	6/22/2007
144	2	4515	5/21/2007
145	2	4620	7/7/2007
146	2	4475	8/28/2007
147	2	4664	6/5/2007
154	2	204	6/9/2007
155	2	219	10/4/2007
158	2	618	6/11/2007
159	2	720	6/20/2007
161	2	763	6/14/2007
163	2	794	6/6/2007
168	2	6040	6/13/2007
170	2	6099	6/22/2007
186	2	6811	6/6/2007
255	2	4729	6/12/2007
188	2	6961	6/20/2007
189	2	7331	6/25/2007
192	2	4202	6/7/2007
194	2	4245	6/5/2007
195	2	4328	6/1/2007
197	2	4431	6/22/2007
199	2	4436	6/22/2007
200	2	4526	6/11/2007
201	2	4563	5/7/2007
202	2	4582	1/13/2008
203	2	6867	6/22/2007
204	2	4611	6/1/2007
205	2	4748	6/11/2007
206	2	4762	6/4/2007
252	2	6757	6/22/2007
208	2	4846	5/21/2007
209	2	5029	7/1/2007
210	2	5075	6/1/2007
211	2	5243	5/5/2007
212	2	5252	5/21/2007
213	2	5254	5/21/2007
214	2	5293	3/24/2008
215	2	5350	5/21/2007
216	2	5399	12/12/2007
217	2	5437	6/3/2007
218	2	5498	6/18/2007
219	2	5596	5/21/2007
220	2	5900	6/20/2007
221	2	5951	6/19/2007
222	2	4392	6/21/2007
256	2	6610	7/21/2008
227	2	1609	2/14/2008
228	2	1621	6/3/2007
229	2	2016	5/21/2007
230	2	2103	5/31/2007
231	2	2134	5/10/2007
236	2	2295	7/24/2007
238	2	2387	6/15/2007
240	2	2684	6/20/2007
241	2	3083	6/21/2007
242	2	3253	6/1/2007
245	2	3606	6/14/2007
246	2	3688	5/13/2008
247	2	3916	5/17/2007
248	2	3931	6/4/2007
249	2	4179	5/21/2007
250	2	4822	7/17/2008
253	2	6956	6/19/2007
259	2	6107	7/21/2008
260	2	1107	7/21/2008
261	2	1739	7/21/2008
266	2	36	7/21/2008
268	2	552	7/21/2008
270	2	1558	6/1/2008
273	2	628	7/10/2008
275	2	5869	7/16/2008
279	2	1993	7/28/2008
281	2	3532	8/1/2008
283	1	6043	8/4/2008
284	1	4579	8/4/2008
289	2	5948	8/19/2008
290	2	292	8/19/2008
293	2	2514	8/26/2008
957	2	8803	4/6/2009
298	2	3782	9/3/2008
300	2	8244	8/27/2008
301	2	4339	9/9/2008
302	1	1701	9/17/2008
303	1	2193	9/17/2008
305	1	2829	9/17/2008
307	1	3566	9/17/2008
310	1	5622	9/17/2008
311	1	5875	9/17/2008
313	1	6185	9/17/2008
316	1	7145	9/17/2008
320	1	8322	9/18/2008
322	1	8323	9/18/2008
323	1	8325	9/18/2008
324	1	8326	9/18/2008
326	1	8328	9/18/2008
327	1	8330	9/18/2008
328	1	3532	9/18/2008
329	1	1229	9/18/2008
1460	1	9840	9/18/2008
331	1	8329	9/18/2008
332	1	6620	9/19/2008
336	2	454	9/23/2008
337	2	5168	9/26/2008
339	2	2885	10/1/2008
340	2	1180	10/1/2008
341	3	2088	1/1/1988
343	3	3819	1/1/1998
344	3	6521	1/1/1998
346	3	1317	10/1/2001
348	3	6343	1/1/2001
352	3	5215	1/1/2002
354	3	4154	1/1/2003
355	3	313	1/1/2003
357	3	1100	1/10/2004
358	3	7876	1/1/2004
360	3	5904	1/1/2004
365	3	4515	1/1/2005
367	3	5716	1/1/2006
973	3	5584	1/18/2006
370	2	734	10/9/2008
375	2	423	10/13/2008
376	2	5039	10/13/2008
377	2	2642	10/13/2008
378	2	4080	10/14/2008
156	2	376	5/16/2007
157	2	482	5/10/2007
160	2	739	7/23/2007
162	2	947	6/14/2007
165	2	6542	5/21/2008
167	2	1186	6/21/2007
171	2	6155	6/12/2007
172	2	6204	5/21/2007
173	2	6305	5/21/2007
174	2	6312	5/21/2007
176	2	6314	5/21/2007
177	2	313	12/6/2007
178	2	6521	8/7/2007
179	2	6546	5/21/2007
180	2	6588	6/6/2007
182	2	6629	6/14/2007
183	2	6661	5/3/2007
184	2	6720	5/21/2007
191	2	7376	6/1/2007
196	2	4329	6/1/2007
224	2	1373	6/12/2007
225	2	1548	6/5/2007
226	2	1552	3/23/2008
234	2	2271	12/21/2007
235	2	2262	6/6/2007
237	2	2305	6/19/2007
257	2	1090	7/21/2008
291	2	4495	8/7/2008
297	2	775	9/3/2008
304	1	2271	9/17/2008
308	1	8045	9/17/2008
379	2	890	10/14/2008
959	8	7562	1/1/2001
381	2	5849	10/14/2008
384	1	7144	10/22/2008
385	2	2881	10/22/2008
386	2	7940	11/3/2008
389	4	3047	11/5/2008
391	4	5622	11/5/2008
392	4	6028	11/5/2008
393	4	24	11/5/2008
394	4	5214	11/5/2008
395	4	1090	11/5/2008
396	4	778	11/5/2008
397	4	4836	11/5/2008
398	4	7695	11/5/2008
484	2	6270	11/12/2008
486	6	24	11/12/2008
568	6	1701	11/12/2008
571	6	1746	11/12/2008
573	6	1874	11/12/2008
574	6	1925	11/12/2008
575	6	1959	11/12/2008
576	6	1984	11/12/2008
579	6	1088	11/13/2008
581	6	6781	11/13/2008
582	6	7701	11/13/2008
584	6	6323	11/13/2008
586	6	4937	11/13/2008
588	6	4708	11/13/2008
589	6	3216	11/13/2008
596	6	7453	11/13/2008
597	6	5293	11/13/2008
598	6	4619	11/13/2008
600	6	1052	11/13/2008
602	6	4392	11/13/2008
606	6	6340	11/13/2008
607	6	2271	11/13/2008
608	6	5033	11/13/2008
609	6	7822	11/13/2008
611	6	6019	11/13/2008
612	6	2710	11/13/2008
615	6	3613	11/13/2008
617	6	6204	11/13/2008
620	6	5900	11/13/2008
621	6	5646	11/13/2008
623	6	717	11/13/2008
624	6	4339	11/13/2008
625	6	4453	11/13/2008
627	6	1737	11/13/2008
628	6	3089	11/13/2008
630	6	5073	11/13/2008
631	6	1211	11/13/2008
632	6	6037	11/13/2008
633	6	216	11/13/2008
634	6	5482	11/13/2008
635	6	4012	11/13/2008
636	6	4530	11/13/2008
637	6	1221	11/13/2008
639	6	2550	11/13/2008
640	6	4964	11/13/2008
641	6	66	11/13/2008
643	6	5302	11/13/2008
644	6	3817	11/13/2008
645	6	7464	11/13/2008
646	6	3281	11/13/2008
647	6	1332	11/13/2008
649	6	2469	11/14/2008
653	6	2521	11/14/2008
654	6	2541	11/14/2008
656	6	2555	11/14/2008
657	6	2602	11/14/2008
658	6	2603	11/14/2008
660	6	2730	11/14/2008
664	6	3349	11/14/2008
665	6	3476	11/14/2008
666	6	3499	11/14/2008
669	6	3626	11/14/2008
670	6	3627	11/14/2008
671	6	8045	11/14/2008
672	6	3750	11/14/2008
673	6	3819	11/14/2008
674	6	3820	11/14/2008
675	6	3832	11/14/2008
676	6	3883	11/14/2008
677	6	3896	11/14/2008
679	6	3426	11/14/2008
680	6	4066	11/14/2008
681	6	4183	11/14/2008
683	6	4208	11/14/2008
684	6	4338	11/14/2008
685	6	4344	11/14/2008
687	6	4366	11/14/2008
689	6	4532	11/14/2008
692	6	4654	11/14/2008
693	6	4686	11/14/2008
696	4	4245	11/14/2008
697	4	4255	11/14/2008
698	4	3302	11/14/2008
702	4	8056	11/14/2008
704	4	8203	11/14/2008
706	4	6470	11/14/2008
708	4	7591	11/14/2008
709	4	6689	11/14/2008
897	4	5145	12/1/2008
711	4	380	11/14/2008
712	4	3919	11/14/2008
713	4	6985	11/14/2008
714	4	2947	11/14/2008
715	4	2906	11/14/2008
718	4	6481	11/14/2008
719	4	8423	11/14/2008
720	4	7817	11/14/2008
878	4	5951	11/20/2008
724	4	3698	11/14/2008
726	4	5171	11/14/2008
727	4	5841	11/14/2008
729	4	5953	11/14/2008
730	4	6111	11/14/2008
731	4	5535	11/14/2008
732	4	1874	11/14/2008
733	4	2267	11/14/2008
736	4	838	11/14/2008
737	4	8623	11/14/2008
740	4	7918	11/14/2008
741	4	6089	11/14/2008
742	4	313	11/14/2008
743	4	7414	11/14/2008
744	4	2173	11/14/2008
748	4	1008	11/14/2008
749	4	8040	11/14/2008
750	4	5459	11/14/2008
752	4	5239	11/14/2008
755	6	4455	11/16/2008
756	6	2393	11/16/2008
757	6	1373	11/16/2008
760	6	8552	11/16/2008
762	4	1317	11/17/2008
763	2	3094	11/14/2008
765	4	4020	11/18/2008
766	4	552	11/18/2008
770	6	6965	11/18/2008
771	6	6966	11/18/2008
772	6	7040	11/18/2008
773	6	7048	11/18/2008
775	6	7080	11/18/2008
776	6	7156	11/18/2008
777	6	6662	11/18/2008
780	6	6521	11/18/2008
781	6	6483	11/18/2008
783	6	7452	11/18/2008
785	6	6425	11/18/2008
786	6	6421	11/18/2008
787	6	6416	11/18/2008
790	6	6330	11/18/2008
791	6	6307	11/18/2008
792	6	6292	11/18/2008
793	6	6189	11/18/2008
795	6	6089	11/18/2008
799	6	5997	11/18/2008
804	6	3376	11/18/2008
805	6	5779	11/18/2008
807	6	5769	11/18/2008
808	6	7623	11/18/2008
809	6	7633	11/18/2008
812	6	313	11/18/2008
814	6	159	11/18/2008
817	6	308	11/18/2008
818	6	5522	11/18/2008
820	6	5521	11/18/2008
822	6	399	11/18/2008
823	6	460	11/18/2008
824	6	526	11/18/2008
826	6	5456	11/18/2008
827	6	576	11/18/2008
828	6	592	11/18/2008
829	6	1	11/18/2008
830	6	5381	11/18/2008
831	6	361	11/18/2008
833	6	774	11/18/2008
835	6	5350	11/18/2008
837	6	5322	11/18/2008
838	6	778	11/18/2008
839	6	823	11/18/2008
841	6	5243	11/18/2008
843	6	879	11/18/2008
844	6	5217	11/18/2008
845	6	1035	11/18/2008
847	6	938	11/18/2008
850	6	5171	11/18/2008
856	6	4801	11/18/2008
857	6	4790	11/18/2008
858	6	5239	11/18/2008
859	6	1090	11/18/2008
860	6	1150	11/18/2008
861	6	1162	11/18/2008
862	6	1170	11/18/2008
864	6	1311	11/18/2008
865	6	1331	11/18/2008
866	6	1440	11/18/2008
867	6	1529	11/18/2008
868	6	1617	11/18/2008
869	6	5111	11/18/2008
870	6	5369	11/18/2008
871	6	6039	11/18/2008
873	6	6752	11/18/2008
874	6	1186	11/18/2008
875	6	1621	11/18/2008
876	4	143	11/19/2008
880	2	2001	11/20/2008
881	1	2134	11/20/2008
883	2	4976	11/21/2008
884	1	3708	11/24/2008
885	1	6661	11/24/2008
890	2	2193	11/25/2008
892	2	3467	11/28/2008
893	2	2799	11/28/2008
898	4	6008	12/9/2008
899	4	3782	12/9/2008
900	4	8074	12/10/2008
903	4	7102	12/10/2008
905	4	557	12/15/2008
909	4	5527	12/15/2008
912	4	86	12/15/2008
915	4	8122	12/16/2008
916	2	5308	12/17/2008
917	6	1212	12/21/2008
918	6	8463	12/21/2008
919	4	4450	1/6/2009
924	1	6008	12/31/2008
927	2	2171	1/13/2009
928	1	778	1/14/2009
929	2	6058	1/16/2009
960	8	9345	1/1/2001
935	1	901	1/27/2009
936	1	1699	1/30/2009
164	2	975	6/8/2007
169	2	6076	6/21/2007
175	2	6318	5/21/2007
181	2	6604	5/21/2007
254	2	7191	1/10/2008
190	2	7172	2/28/2008
232	2	2173	5/21/2007
233	2	2239	6/22/2007
239	2	1789	6/22/2007
243	2	3301	7/5/2007
244	2	3594	6/20/2007
295	2	6793	8/28/2008
296	2	240	8/29/2008
306	1	2088	9/17/2008
312	1	6111	9/17/2008
315	1	6809	9/17/2008
318	1	6286	9/17/2008
333	2	4494	9/19/2008
335	2	3681	9/26/2008
338	2	4971	9/27/2008
351	2	5406	10/8/2008
353	3	2522	1/1/2002
362	3	5940	1/1/2005
363	3	1012	1/1/2005
364	3	2295	10/10/2005
366	3	552	1/1/2005
369	2	6215	10/9/2008
961	1	8031	4/20/2009
383	2	3096	10/15/2008
759	6	5985	11/16/2008
921	4	886	1/9/2009
922	2	5192	1/9/2009
932	4	3096	1/20/2009
934	4	5177	1/26/2009
939	1	1186	1/10/2009
940	2	4453	2/10/2009
941	1	6058	2/13/2009
942	2	4360	2/17/2009
943	1	8297	2/15/2009
944	2	2609	3/3/2009
945	2	9116	3/3/2009
947	2	3529	3/6/2009
949	6	5488	3/13/2009
950	6	6099	5/7/2008
951	1	219	2/27/2009
953	2	2066	3/20/2009
954	2	5875	3/20/2009
962	2	574	4/30/2009
963	2	7580	5/7/2009
972	3	2091	9/9/2008
969	3	6757	3/12/2001
970	3	9272	12/11/2008
974	2	9009	5/11/2009
976	8	9465	5/12/2009
980	2	8388	5/14/2009
981	2	9435	5/15/2009
996	2	1991	5/18/2009
997	2	8600	5/18/2009
999	2	9458	5/18/2009
1000	2	9493	5/18/2009
1001	1	1313	5/18/2009
1003	2	4172	5/20/2009
1004	2	9176	5/22/2009
1005	2	8834	5/29/2009
1006	2	2848	6/10/2009
1007	2	7906	6/17/2009
1008	4	5333	7/9/2009
1010	2	4407	7/1/2009
1011	1	8803	7/6/2009
1012	9	187	7/16/2009
1013	9	8548	7/16/2009
1014	9	7964	7/16/2009
1015	9	1473	7/16/2009
1016	9	7879	7/16/2009
1017	9	7870	7/16/2009
1018	9	2510	7/16/2009
1019	9	841	7/16/2009
1020	9	3239	7/16/2009
1021	9	1577	7/16/2009
1022	9	7610	7/16/2009
1023	9	4020	7/16/2009
1024	9	7670	7/16/2009
1025	9	4366	7/16/2009
1026	9	2881	7/16/2009
1027	9	589	7/16/2009
1028	9	2306	7/16/2009
1029	9	289	7/16/2009
1030	9	7907	7/16/2009
1031	9	3558	7/16/2009
1032	9	4705	7/16/2009
1033	9	6705	7/16/2009
1034	9	778	7/16/2009
1035	9	3832	7/16/2009
1036	9	4339	7/16/2009
1037	9	8268	7/16/2009
1038	9	8743	7/16/2009
1039	9	8142	7/16/2009
1040	9	7971	7/16/2009
1041	9	4500	7/16/2009
1042	9	8103	7/16/2009
1043	9	5034	7/16/2009
1044	9	8531	7/16/2009
1045	9	8785	7/16/2009
1046	9	8795	7/16/2009
1047	9	7747	7/16/2009
1048	9	7039	7/16/2009
1049	9	227	7/16/2009
1050	9	1794	7/16/2009
1051	9	8253	7/16/2009
1052	9	3633	7/16/2009
1053	9	8597	7/16/2009
1054	9	6380	7/16/2009
1055	9	7735	7/16/2009
1056	9	3410	7/16/2009
1057	9	1695	7/16/2009
1058	9	3704	7/16/2009
1059	9	7874	7/16/2009
1060	9	5171	7/16/2009
1061	9	4523	7/16/2009
1062	9	8734	7/16/2009
1063	9	3419	7/16/2009
1064	9	2600	7/16/2009
1065	9	1196	7/16/2009
1066	9	3426	7/16/2009
1067	9	3465	7/16/2009
1068	9	2186	7/16/2009
1069	9	4937	7/16/2009
1070	9	7606	7/16/2009
1071	9	4619	7/16/2009
1072	9	1053	7/16/2009
1073	9	5244	7/16/2009
1074	9	3668	7/16/2009
1075	9	6680	7/16/2009
1076	9	4450	7/16/2009
1077	9	574	7/16/2009
1078	9	5940	7/16/2009
1079	9	6323	7/16/2009
1080	9	6521	7/16/2009
1081	9	7453	7/16/2009
1082	9	6965	7/16/2009
1083	9	3626	7/16/2009
1084	9	6340	7/16/2009
1085	9	5622	7/16/2009
1086	9	1699	7/16/2009
1087	9	4563	7/16/2009
1088	9	4748	7/16/2009
1089	9	333	7/16/2009
1090	9	4582	7/16/2009
1091	9	1617	7/16/2009
1092	9	3216	7/16/2009
1093	9	4376	7/16/2009
1094	9	4708	7/16/2009
1095	9	5033	7/16/2009
1096	9	5369	7/16/2009
1097	9	6111	7/16/2009
1098	9	7376	7/16/2009
1099	9	5498	7/16/2009
1100	9	4392	7/16/2009
1101	9	780	7/16/2009
1102	9	2375	7/16/2009
1103	9	7040	7/16/2009
1104	9	5957	7/16/2009
1105	9	8045	7/16/2009
1106	9	2239	7/16/2009
1107	9	3621	7/16/2009
1108	9	5488	7/16/2009
1109	9	8600	7/16/2009
1110	9	6250	7/16/2009
1111	9	2193	7/16/2009
1112	9	552	7/16/2009
1113	9	2071	7/16/2009
1114	9	6573	7/16/2009
1115	9	2169	7/16/2009
1116	9	4579	7/16/2009
1117	9	7080	7/16/2009
1118	9	5487	7/16/2009
1119	9	3750	7/16/2009
1120	9	6008	7/16/2009
1121	9	1540	7/16/2009
1122	9	8748	7/16/2009
1123	9	8681	7/16/2009
1124	9	8786	7/16/2009
1125	9	8573	7/16/2009
1126	9	8755	7/16/2009
1127	9	8763	7/16/2009
1128	9	8800	7/16/2009
1129	9	8787	7/16/2009
1130	9	8739	7/16/2009
1131	9	8693	7/16/2009
1132	9	8756	7/16/2009
1133	9	8590	7/16/2009
1134	9	8719	7/16/2009
1135	9	8842	7/16/2009
1136	9	8618	7/16/2009
1137	9	8624	7/16/2009
1138	9	8553	7/16/2009
1139	9	8665	7/16/2009
1140	9	8671	7/16/2009
1141	9	8701	7/16/2009
1142	9	8700	7/16/2009
1143	9	8592	7/16/2009
1144	9	8762	7/16/2009
1145	9	8754	7/16/2009
1146	9	8657	7/16/2009
1147	9	8604	7/16/2009
1148	9	8841	7/16/2009
1149	9	8835	7/16/2009
1150	9	1348	7/16/2009
1151	9	5538	7/16/2009
1152	9	6516	7/16/2009
1153	9	8838	7/16/2009
1154	9	8702	7/16/2009
1155	9	8773	7/16/2009
1156	9	1495	7/16/2009
1157	9	59	7/16/2009
1158	9	6470	7/16/2009
1159	9	2349	7/16/2009
1160	9	962	7/16/2009
1161	9	2272	7/16/2009
1162	9	2173	7/16/2009
1163	9	6757	7/16/2009
1164	9	1385	7/16/2009
1165	9	482	7/16/2009
1166	9	1993	7/16/2009
1167	9	535	7/16/2009
1168	9	2469	7/16/2009
1169	9	2602	7/16/2009
1170	9	6421	7/16/2009
1171	9	3819	7/16/2009
1172	9	4914	7/16/2009
1173	9	304	7/16/2009
1174	9	839	7/16/2009
1175	9	5111	7/16/2009
1176	9	5521	7/16/2009
1177	9	6416	7/16/2009
1178	9	5779	7/16/2009
1179	9	1194	7/16/2009
1180	9	7822	7/16/2009
1181	9	6719	7/16/2009
1182	9	308	7/16/2009
1183	9	309	7/16/2009
1184	9	361	7/16/2009
1185	9	399	7/16/2009
1186	9	460	7/16/2009
1187	9	526	7/16/2009
1188	9	576	7/16/2009
1189	9	592	7/16/2009
1190	9	717	7/16/2009
1191	9	752	7/16/2009
1192	9	776	7/16/2009
1193	9	823	7/16/2009
1194	9	921	7/16/2009
1195	9	938	7/16/2009
1196	9	1056	7/16/2009
1197	9	1035	7/16/2009
1198	9	1052	7/16/2009
1199	9	1150	7/16/2009
1200	9	1162	7/16/2009
1201	9	1170	7/16/2009
1202	9	1221	7/16/2009
1203	9	1311	7/16/2009
1204	9	1323	7/16/2009
1205	9	1331	7/16/2009
1206	9	1332	7/16/2009
1207	9	1529	7/16/2009
1208	9	1737	7/16/2009
258	2	3710	5/21/2007
262	2	5469	7/21/2008
263	2	5779	7/21/2008
264	2	5784	7/21/2008
265	2	780	7/21/2008
267	2	4779	7/21/2008
269	2	2	6/2/2008
271	2	7429	4/14/2008
272	2	7594	6/22/2008
274	2	1319	7/15/2008
277	2	7943	7/22/2008
278	2	3435	7/25/2008
280	2	7801	7/29/2008
282	1	5145	8/4/2008
285	1	3610	8/4/2008
286	1	7492	8/4/2008
287	2	2906	8/4/2008
387	2	2502	11/3/2008
390	4	8566	11/5/2008
482	2	778	11/10/2008
572	6	1847	11/12/2008
578	4	5924	11/13/2008
583	6	3788	11/13/2008
592	6	4748	11/13/2008
601	6	3419	11/13/2008
605	6	4450	11/13/2008
626	6	2847	11/13/2008
638	6	6739	11/13/2008
655	6	2549	11/14/2008
659	6	2683	11/14/2008
662	6	2874	11/14/2008
668	6	3621	11/14/2008
678	6	3916	11/14/2008
682	6	4199	11/14/2008
694	4	2712	11/14/2008
700	4	8253	11/14/2008
707	4	7780	11/14/2008
728	4	2884	11/14/2008
745	4	8365	11/14/2008
751	4	5175	11/14/2008
753	4	911	11/14/2008
761	6	7914	11/16/2008
764	4	4729	11/18/2008
768	6	6790	11/18/2008
774	6	7071	11/18/2008
784	6	6457	11/18/2008
798	6	6043	11/18/2008
800	6	5957	11/18/2008
806	6	7606	11/18/2008
825	6	8600	11/18/2008
840	6	5272	11/18/2008
842	6	839	11/18/2008
848	6	947	11/18/2008
849	6	5198	11/18/2008
851	6	1053	11/18/2008
853	6	5145	11/18/2008
872	6	6719	11/18/2008
896	4	561	12/1/2008
907	4	3465	12/15/2008
979	2	9291	5/13/2009
983	2	9457	5/15/2009
984	2	9455	5/15/2009
986	2	9438	5/15/2009
988	2	9467	5/15/2009
991	2	9447	5/15/2009
995	1	9009	5/8/2009
1209	9	1746	7/16/2009
1210	9	1847	7/16/2009
1211	9	1959	7/16/2009
1212	9	1984	7/16/2009
1213	9	2302	7/16/2009
1214	9	2382	7/16/2009
1215	9	2394	7/16/2009
1216	9	2410	7/16/2009
1217	9	2521	7/16/2009
1218	9	2541	7/16/2009
1219	9	2549	7/16/2009
1220	9	2550	7/16/2009
1221	9	2555	7/16/2009
1222	9	2683	7/16/2009
1223	9	2710	7/16/2009
1224	9	2730	7/16/2009
1225	9	2847	7/16/2009
1226	9	2874	7/16/2009
1227	9	774	7/16/2009
1228	9	3089	7/16/2009
1229	9	3281	7/16/2009
1230	9	3314	7/16/2009
1231	9	3349	7/16/2009
1232	9	3376	7/16/2009
1233	9	3476	7/16/2009
1234	9	3499	7/16/2009
1235	9	3613	7/16/2009
1236	9	3627	7/16/2009
1237	9	4066	7/16/2009
1238	9	3817	7/16/2009
1239	9	3820	7/16/2009
1240	9	3896	7/16/2009
1241	9	4012	7/16/2009
1242	9	4183	7/16/2009
1243	9	4189	7/16/2009
1244	9	4199	7/16/2009
1245	9	4208	7/16/2009
1246	9	4338	7/16/2009
1247	9	4344	7/16/2009
1248	9	4391	7/16/2009
1249	9	4410	7/16/2009
1250	9	4455	7/16/2009
1251	9	4530	7/16/2009
1252	9	4532	7/16/2009
1253	9	4547	7/16/2009
1254	9	4654	7/16/2009
1255	9	4686	7/16/2009
1256	9	4687	7/16/2009
1257	9	4701	7/16/2009
1258	9	4790	7/16/2009
1259	9	4801	7/16/2009
1260	9	4964	7/16/2009
1261	9	5073	7/16/2009
1262	9	5198	7/16/2009
1263	9	5217	7/16/2009
1264	9	8552	7/16/2009
1265	9	5302	7/16/2009
1266	9	5322	7/16/2009
1267	9	5381	7/16/2009
1268	9	5456	7/16/2009
1269	9	5482	7/16/2009
1270	9	5524	7/16/2009
1271	9	5609	7/16/2009
1272	9	5646	7/16/2009
1273	9	5769	7/16/2009
1274	9	5912	7/16/2009
1275	9	5953	7/16/2009
1276	9	5985	7/16/2009
1277	9	5997	7/16/2009
1278	9	6037	7/16/2009
1279	9	6039	7/16/2009
1280	9	6178	7/16/2009
1281	9	6189	7/16/2009
1282	9	6292	7/16/2009
1283	9	6307	7/16/2009
1284	9	6330	7/16/2009
1285	9	6425	7/16/2009
1286	9	6429	7/16/2009
1287	9	6457	7/16/2009
1288	9	6483	7/16/2009
1289	9	6622	7/16/2009
1290	9	6739	7/16/2009
1291	9	6752	7/16/2009
1292	9	6790	7/16/2009
1293	9	6966	7/16/2009
1294	9	7048	7/16/2009
1295	9	7071	7/16/2009
1296	9	7156	7/16/2009
1297	9	8463	7/16/2009
1298	9	7401	7/16/2009
1299	9	2802	7/16/2009
1300	9	7452	7/16/2009
1301	9	7464	7/16/2009
1302	9	7623	7/16/2009
1303	9	7633	7/16/2009
1304	9	7645	7/16/2009
1305	9	1211	7/16/2009
1306	9	3883	7/16/2009
1307	9	6662	7/16/2009
1308	9	2393	7/16/2009
1309	9	6043	7/16/2009
1310	9	6089	7/16/2009
1311	9	1186	7/16/2009
1312	9	879	7/16/2009
1313	10	1229	7/16/2009
1314	10	561	7/16/2009
1315	10	618	7/16/2009
1316	10	4739	7/16/2009
1317	10	3100	7/16/2009
1318	10	861	7/16/2009
1319	10	4072	7/16/2009
1320	10	5359	7/16/2009
1321	10	5995	7/16/2009
1322	10	86	7/16/2009
1323	10	1558	7/16/2009
1324	10	886	7/16/2009
1325	10	6984	7/16/2009
1326	11	52	7/16/2009
1327	11	216	7/16/2009
1328	11	219	7/16/2009
1329	11	283	7/16/2009
1330	11	286	7/16/2009
1331	11	292	7/16/2009
1332	11	483	7/16/2009
1333	11	543	7/16/2009
1334	11	547	7/16/2009
1335	11	596	7/16/2009
1336	11	739	7/16/2009
1337	11	822	7/16/2009
1338	11	842	7/16/2009
1339	11	851	7/16/2009
1340	11	869	7/16/2009
1341	11	911	7/16/2009
1342	11	1107	7/16/2009
1457	2	9372	7/8/2009
1344	11	1284	7/16/2009
1345	11	1317	7/16/2009
1346	11	1336	7/16/2009
1347	11	1528	7/16/2009
1348	11	1548	7/16/2009
1349	11	1603	7/16/2009
1350	11	1609	7/16/2009
1351	11	1701	7/16/2009
1352	11	1710	7/16/2009
1353	11	1739	7/16/2009
1354	11	1766	7/16/2009
1355	11	2066	7/16/2009
1356	11	2085	7/16/2009
1357	11	2088	7/16/2009
1358	11	2166	7/16/2009
1359	11	2171	7/16/2009
1360	11	2183	7/16/2009
1361	11	2219	7/16/2009
1362	11	2294	7/16/2009
1363	11	2295	7/16/2009
1364	11	2472	7/16/2009
1365	11	2502	7/16/2009
1366	11	2552	7/16/2009
1367	11	2781	7/16/2009
1368	11	2827	7/16/2009
1369	11	2906	7/16/2009
1370	11	3094	7/16/2009
1371	11	3264	7/16/2009
1372	11	3402	7/16/2009
1373	11	3411	7/16/2009
1374	11	3435	7/16/2009
1375	11	3469	7/16/2009
1376	11	3509	7/16/2009
1377	11	3529	7/16/2009
1378	11	3532	7/16/2009
1379	11	3581	7/16/2009
1380	11	3602	7/16/2009
1381	11	3610	7/16/2009
1382	11	3612	7/16/2009
1383	11	3631	7/16/2009
1384	11	3635	7/16/2009
1385	11	3681	7/16/2009
1386	11	3708	7/16/2009
1387	11	3782	7/16/2009
1388	11	3925	7/16/2009
1389	11	4108	7/16/2009
1390	11	4148	7/16/2009
1391	11	4202	7/16/2009
1392	11	4245	7/16/2009
1393	11	4360	7/16/2009
1394	11	4420	7/16/2009
1395	11	4423	7/16/2009
1396	11	4424	7/16/2009
1397	11	4431	7/16/2009
1398	11	4436	7/16/2009
1399	11	4475	7/16/2009
1400	11	4494	7/16/2009
1401	11	4515	7/16/2009
1402	11	4526	7/16/2009
1403	11	4629	7/16/2009
1404	11	4664	7/16/2009
1405	11	4756	7/16/2009
1406	11	4758	7/16/2009
1407	11	4784	7/16/2009
1408	11	4792	7/16/2009
292	2	4784	8/7/2008
948	4	2494	3/10/2009
956	2	5482	3/30/2009
1409	11	4886	7/16/2009
1410	11	4903	7/16/2009
1411	11	4953	7/16/2009
1412	11	4971	7/16/2009
1413	11	4976	7/16/2009
1414	11	5045	7/16/2009
1415	11	5058	7/16/2009
1416	11	5126	7/16/2009
1417	11	5192	7/16/2009
1418	11	5237	7/16/2009
1419	11	5308	7/16/2009
1420	11	5363	7/16/2009
1421	11	5459	7/16/2009
1422	11	5491	7/16/2009
1423	11	5568	7/16/2009
1424	11	5636	7/16/2009
1425	11	5791	7/16/2009
1426	11	5875	7/16/2009
1427	11	5913	7/16/2009
1428	11	5948	7/16/2009
1429	11	5951	7/16/2009
1430	11	6019	7/16/2009
1431	11	6058	7/16/2009
1432	11	6107	7/16/2009
1433	11	6181	7/16/2009
1434	11	6270	7/16/2009
1435	11	6286	7/16/2009
1436	11	6343	7/16/2009
1437	11	6415	7/16/2009
1438	11	6511	7/16/2009
1439	11	6542	7/16/2009
1440	11	6543	7/16/2009
1441	11	6610	7/16/2009
1442	11	6620	7/16/2009
1443	11	6661	7/16/2009
1444	11	6688	7/16/2009
1445	11	6750	7/16/2009
1446	11	6793	7/16/2009
1447	11	6794	7/16/2009
1448	11	6956	7/16/2009
1449	11	7144	7/16/2009
1450	11	7180	7/16/2009
1451	11	7191	7/16/2009
1452	11	7492	7/16/2009
1453	11	7604	7/16/2009
1454	11	7848	7/16/2009
1455	11	8297	7/16/2009
1456	11	8329	7/16/2009
1458	2	1385	7/17/2009
1463	4	9843	5/14/2009
1464	1	2258	7/21/2009
1465	4	4739	8/10/2009
1466	4	9206	8/17/2009
309	1	4903	9/17/2008
317	1	7822	9/17/2008
319	1	6573	9/17/2008
345	3	2718	1/1/1999
347	3	7782	1/1/2001
350	3	7453	1/1/2002
372	2	8444	10/13/2008
569	6	1695	11/12/2008
399	4	171	11/5/2008
400	4	237	11/5/2008
401	4	7144	11/5/2008
570	6	1699	11/12/2008
404	4	7503	11/5/2008
405	4	7515	11/5/2008
406	4	7531	11/5/2008
407	4	8298	11/5/2008
408	4	306	11/5/2008
409	4	8422	11/5/2008
410	4	470	11/5/2008
411	4	482	11/5/2008
412	4	505	11/5/2008
413	4	538	11/5/2008
414	4	628	11/5/2008
415	4	7874	11/5/2008
416	4	1070	11/5/2008
417	4	1180	11/5/2008
418	4	1186	11/5/2008
419	4	1214	11/5/2008
420	4	1592	11/5/2008
421	4	1707	11/5/2008
422	4	1857	11/5/2008
423	4	1984	11/5/2008
424	4	2007	11/5/2008
425	4	2116	11/5/2008
426	4	2134	11/5/2008
427	4	8233	11/5/2008
428	4	8355	11/5/2008
429	4	7757	11/5/2008
430	4	2296	11/5/2008
431	4	8188	11/5/2008
432	4	2503	11/5/2008
433	4	2505	11/5/2008
434	4	7689	11/5/2008
435	4	2730	11/5/2008
436	4	2843	11/5/2008
437	4	2914	11/5/2008
438	4	774	11/5/2008
439	4	3069	11/5/2008
440	4	3093	11/5/2008
441	4	8084	11/5/2008
442	4	3419	11/5/2008
443	4	3832	11/5/2008
444	4	8133	11/5/2008
445	4	4148	11/5/2008
446	4	8236	11/5/2008
447	4	4285	11/5/2008
448	4	4592	11/5/2008
449	4	8130	11/5/2008
450	4	4651	11/5/2008
451	4	4758	11/5/2008
452	4	4787	11/5/2008
453	4	4820	11/5/2008
454	4	4946	11/5/2008
455	4	8344	11/5/2008
456	4	5167	11/5/2008
458	4	5201	11/5/2008
460	4	8371	11/5/2008
461	4	5305	11/5/2008
462	4	5312	11/5/2008
463	4	5401	11/5/2008
464	4	5418	11/5/2008
465	4	5435	11/5/2008
466	4	6393	11/5/2008
468	4	5889	11/5/2008
469	4	5949	11/5/2008
470	4	5957	11/5/2008
471	4	5985	11/5/2008
472	4	6330	11/5/2008
473	4	6419	11/5/2008
474	4	6542	11/5/2008
475	4	6558	11/5/2008
476	4	6563	11/5/2008
477	4	6677	11/5/2008
478	4	6691	11/5/2008
479	4	6901	11/5/2008
480	4	7924	11/5/2008
481	4	8310	11/5/2008
591	6	2375	11/13/2008
594	6	4376	11/13/2008
595	6	5622	11/13/2008
599	6	6111	11/13/2008
603	6	1196	11/13/2008
604	6	7376	11/13/2008
610	6	7492	11/13/2008
613	6	5599	11/13/2008
619	6	2394	11/13/2008
622	4	6662	11/13/2008
629	6	535	11/13/2008
642	6	1323	11/13/2008
661	6	2802	11/14/2008
663	6	3314	11/14/2008
690	6	4547	11/14/2008
691	6	4582	11/14/2008
695	4	780	11/14/2008
701	4	2567	11/14/2008
703	4	1684	11/14/2008
716	4	2193	11/14/2008
721	4	428	11/14/2008
735	4	4582	11/14/2008
738	4	4509	11/14/2008
739	4	6270	11/14/2008
747	4	901	11/14/2008
342	3	87	1/1/2005
758	6	594	11/16/2008
356	3	3566	1/1/2004
359	3	7759	1/1/2004
361	3	2349	1/1/2005
371	2	6336	10/9/2008
769	6	4189	11/18/2008
779	6	6622	11/18/2008
782	6	7401	11/18/2008
794	6	6178	11/18/2008
796	6	6064	11/18/2008
797	6	6523	11/18/2008
802	6	5912	11/18/2008
803	6	5832	11/18/2008
811	6	4592	11/18/2008
813	6	5609	11/18/2008
816	6	5524	11/18/2008
834	6	2	11/18/2008
852	6	1056	11/18/2008
855	6	4914	11/18/2008
863	6	1194	11/18/2008
877	4	4202	11/20/2008
879	4	1558	11/20/2008
889	2	7166	11/24/2008
902	4	6956	12/10/2008
911	2	5363	12/15/2008
913	4	2874	12/15/2008
926	2	1212	1/12/2009
930	2	8536	1/16/2009
933	4	1212	1/26/2009
938	1	596	9/24/2008
946	4	6757	3/4/2009
992	2	9442	5/15/2009
998	2	9492	5/18/2009
1462	4	9009	5/7/2009
483	1	8600	9/18/2008
485	6	9	11/12/2008
487	4	14	11/12/2008
488	4	33	11/12/2008
489	4	6547	11/12/2008
490	4	6680	11/12/2008
491	4	7341	11/12/2008
492	4	7454	11/12/2008
493	4	8435	11/12/2008
494	4	49	11/12/2008
495	4	63	11/12/2008
496	4	7914	11/12/2008
497	4	157	11/12/2008
498	4	194	11/12/2008
499	4	240	11/12/2008
500	4	273	11/12/2008
501	4	289	11/12/2008
502	4	574	11/12/2008
503	4	576	11/12/2008
504	4	763	11/12/2008
505	4	827	11/12/2008
506	4	834	11/12/2008
507	4	1100	11/12/2008
508	4	8095	11/12/2008
509	4	7693	11/12/2008
510	4	8372	11/12/2008
511	4	1680	11/12/2008
512	4	1716	11/12/2008
513	4	7879	11/12/2008
514	4	1842	11/12/2008
515	4	8482	11/12/2008
516	4	2010	11/12/2008
517	4	2083	11/12/2008
754	4	2290	11/14/2008
519	4	8431	11/12/2008
520	4	2522	11/12/2008
521	4	2586	11/12/2008
522	4	2781	11/12/2008
523	4	2820	11/12/2008
524	4	2832	11/12/2008
525	4	2941	11/12/2008
526	4	2943	11/12/2008
527	4	3398	11/12/2008
528	4	3427	11/12/2008
529	4	3476	11/12/2008
530	4	3530	11/12/2008
531	4	3566	11/12/2008
532	4	3602	11/12/2008
533	4	3648	11/12/2008
534	4	3704	11/12/2008
535	4	3788	11/12/2008
536	4	3852	11/12/2008
952	1	3264	3/9/2009
538	4	4532	11/12/2008
539	4	4579	11/12/2008
540	4	4580	11/12/2008
541	4	4620	11/12/2008
542	4	8536	11/12/2008
543	4	4685	11/12/2008
544	4	4719	11/12/2008
545	4	4953	11/12/2008
546	4	3	11/12/2008
547	4	5093	11/12/2008
548	4	5130	11/12/2008
549	4	8001	11/12/2008
550	4	7670	11/12/2008
958	2	9107	4/7/2009
552	4	8004	11/12/2008
553	4	7886	11/12/2008
554	4	5417	11/12/2008
555	4	5607	11/12/2008
556	4	5616	11/12/2008
557	4	5762	11/12/2008
558	4	5779	11/12/2008
559	4	5824	11/12/2008
560	4	8488	11/12/2008
561	4	5854	11/12/2008
562	4	7701	11/12/2008
563	4	6058	11/12/2008
564	4	7974	11/12/2008
565	4	6292	11/12/2008
566	4	6505	11/12/2008
567	4	6544	11/12/2008
577	6	1993	11/12/2008
580	6	5487	11/13/2008
585	6	5498	11/13/2008
587	6	574	11/13/2008
590	6	2083	11/13/2008
593	6	5244	11/13/2008
614	6	2302	11/13/2008
616	6	4701	11/13/2008
618	6	752	11/13/2008
650	6	2382	11/14/2008
651	6	2410	11/14/2008
652	6	2480	11/14/2008
667	6	3580	11/14/2008
686	6	4410	11/14/2008
688	6	4391	11/14/2008
699	4	2385	11/14/2008
705	4	543	11/14/2008
717	4	8108	11/14/2008
722	4	7145	11/14/2008
725	4	2502	11/14/2008
734	4	839	11/14/2008
746	4	6445	11/14/2008
767	6	4687	11/18/2008
778	6	6641	11/18/2008
789	6	6429	11/18/2008
801	6	5953	11/18/2008
810	6	7645	11/18/2008
815	6	304	11/18/2008
819	6	309	11/18/2008
821	6	333	11/18/2008
832	4	6323	11/18/2008
836	6	776	11/18/2008
846	6	921	11/18/2008
854	4	230	11/18/2008
882	1	2827	11/20/2008
887	4	2169	11/26/2008
891	2	2488	11/28/2008
894	4	1892	11/28/2008
895	4	7100	11/28/2008
908	4	8494	12/15/2008
910	4	4826	12/15/2008
920	6	1552	1/7/2009
923	1	7848	1/12/2009
925	2	4142	1/12/2009
975	8	9464	5/12/2009
978	2	9122	5/13/2009
982	2	9436	5/15/2009
985	2	9449	5/15/2009
987	2	9450	5/15/2009
990	2	9434	5/15/2009
993	2	9456	5/15/2009
955	1	3621	3/25/2009
1009	4	9670	7/10/2009
971	3	2906	12/21/2006
977	2	8074	5/13/2009
989	2	9437	5/15/2009
994	2	43	5/15/2009
1002	2	1313	5/19/2009
